8888888b. 888888 8888888 8888888b. 888888 8888888
888  "Y88b  "88b   888   888  "Y88b  "88b   888  
888    888   888   888   888    888   888   888  
888    888   888   888   888    888   888   888  
888    888   888   888   888    888   888   888  
888    888   888   888   888    888   888   888  
888  .d88P   88P   888   888  .d88P   88P   888  
8888888P"    888 8888888 8888888P"    888 8888888
           .d88P                    .d88P        
         .d88P"                   .d88P"         
        888P"                    888P"           